year,Maize(kg/ha),soybean(kg/ha)
1945,9.5,2
1946,10,2.5
1947,10.5,3
1948,11.5,3.5
1949,13,4
1950,15,4.5
1951,17,5
1952,19,5.5
1953,21,6
1954,23,6.5
1955,25,7
1956,27,7.5
1957,30,8
1958,33,8.5
1959,36,9
1960,40,9.5
1961,45,10
1962,50,10.5
1963,60,11
1964,70,11.5
1965,80,12
1966,90,12.5
1967,100,13
1968,110,13.5
1969,120,14
1970,120,14.5
1971,120,15
1972,120,15.5
1973,120,16
1974,120,16.5
1975,125,17
1976,130,17.5
1977,135,18
1978,140,18.5
1979,145,19
1980,150,19.5
1981,150,20
1982,150,20.5
1983,150,21
1984,150,21.5
1985,150,22
1986,150,22.5
1987,150,23
1988,150,23.5
1989,150,24
1990,150,24.5
1991,150,25
1992,150,25
1993,150,25
1994,150,25
1995,150,25
1996,150,25
1997,150,25
1998,150,25
1999,150,25
